,date,endpoint_type,backend,label,model_id,tokenizer_id,num_prompts,request_rate,burstiness,max_concurrency,duration,completed,failed,total_input_tokens,total_output_tokens,request_throughput,request_goodput,output_throughput,total_token_throughput,max_output_tokens_per_s,max_concurrent_requests,rtfx,mean_ttft_ms,median_ttft_ms,std_ttft_ms,p99_ttft_ms,mean_tpot_ms,median_tpot_ms,std_tpot_ms,p99_tpot_ms,mean_itl_ms,median_itl_ms,std_itl_ms,p99_itl_ms,mean_e2el_ms,median_e2el_ms,std_e2el_ms,p99_e2el_ms,run_number,_benchmark_name,random_input_len
0,20260317-081140,openai,openai,,zai-org/GLM-4.7-Flash,zai-org/GLM-4.7-Flash,128,inf,1.0,16,21.06593051500022,128,0,16458,16601,6.076161691925085,,788.0496894347526,1569.3111669793077,885.0,26,0.0,80.9643372890747,65.14896599992426,38.0135167806641,181.70832685982987,19.041023103749023,19.119241556665354,0.8503703817905848,20.197266711954565,19.055165699629686,17.9885990000912,8.75362385300522,35.96393395993802,2533.274333093729,2510.519820999889,353.3850302505495,3197.7965068699996,0,in128,128
1,20260317-081217,openai,openai,,zai-org/GLM-4.7-Flash,zai-org/GLM-4.7-Flash,128,inf,1.0,16,25.63775282000006,128,0,65818,16601,4.992637260319748,,647.5216496763136,3214.7513309241667,912.0,26,0.0,146.5523302577978,131.98859450017153,77.67022376985156,337.2072114497905,22.933393648449528,23.355393114305926,2.1656842185737006,25.764127134761708,22.967902663692183,18.465823000042292,21.536678495881606,121.90544379995117,3102.413182210935,3091.0776380001153,477.9625190898425,3934.7585852901375,0,in512,512
2,20260317-081256,openai,openai,,zai-org/GLM-4.7-Flash,zai-org/GLM-4.7-Flash,128,inf,1.0,16,28.684650573,128,0,263275,16601,4.462316864354016,,578.7415801964142,9756.995271312067,912.0,24,0.0,236.62909456250958,186.05357050000748,165.08255455503243,833.5060917301189,25.16460932949412,25.926933031330307,2.3603775917027097,27.8718254373662,25.221915443574503,18.766706000405975,25.808585689619733,122.08426540000801,3482.57079976565,3525.3407454999888,548.7289719818135,4350.510955850136,0,in2048,2048
3,20260317-081343,openai,openai,,zai-org/GLM-4.7-Flash,zai-org/GLM-4.7-Flash,128,inf,1.0,16,33.703082964999794,128,0,526542,16601,3.797872145195925,,492.5662147062308,16115.528676235548,864.0,23,0.0,352.9449666406315,265.6244575000528,320.07334458062803,1652.874783820057,29.073563408161547,30.05113653307422,3.287423632771816,32.69325246108792,29.16989171960174,19.460806000097364,29.279376819457074,128.9345013201273,4106.972690195306,4108.334678000347,718.4659674802274,5720.172517269958,0,in4096,4096
